MEME version 4

ALPHABET= ACGT

strands: + -

Background letter frequencies
A 0.25 C 0.25 G 0.25 T 0.25

MOTIF E2F1_M05625_1
letter-probability matrix: alength= 4 w= 12 nsites= 20 E= 0
  0.172886	  0.103234	  0.058458	  0.665423	
  0.178841	  0.034005	  0.057935	  0.729219	
  0.139618	  0.011933	  0.170644	  0.677804	
  0.021563	  0.055256	  0.923181	  0.000000	
  0.000000	  0.008439	  0.991561	  0.000000	
  0.000000	  0.997546	  0.000000	  0.002454	
  0.000000	  0.000000	  1.000000	  0.000000	
  0.000000	  0.991217	  0.008783	  0.000000	
  0.002384	  0.903456	  0.067938	  0.026222	
  0.612798	  0.182213	  0.026030	  0.178959	
  0.420017	  0.137725	  0.068435	  0.373824	
  0.358818	  0.106864	  0.126846	  0.407472	

MOTIF ESR1_M08629_1
letter-probability matrix: alength= 4 w= 17 nsites= 20 E= 0
  0.368625	  0.158812	  0.335055	  0.137508	
  0.767972	  0.017848	  0.213684	  0.000496	
  0.002525	  0.000000	  0.977904	  0.019571	
  0.003856	  0.000643	  0.995501	  0.000000	
  0.000000	  0.000645	  0.000645	  0.998711	
  0.000000	  0.994862	  0.003854	  0.001285	
  0.997424	  0.001288	  0.001288	  0.000000	
  0.103938	  0.641059	  0.053583	  0.201420	
  0.044574	  0.450904	  0.459302	  0.045220	
  0.209677	  0.061935	  0.621935	  0.106452	
  0.000000	  0.032903	  0.000645	  0.966452	
  0.001931	  0.000000	  0.996782	  0.001287	
  0.987883	  0.012117	  0.000000	  0.000000	
  0.001288	  0.997424	  0.000000	  0.001288	
  0.010814	  0.985369	  0.001908	  0.001908	
  0.001012	  0.189681	  0.025797	  0.783510	
  0.142119	  0.341731	  0.139535	  0.376615	

MOTIF FOXA1_M09569_1
letter-probability matrix: alength= 4 w= 16 nsites= 20 E= 0
  0.049572	  0.609579	  0.190079	  0.150770	
  0.238203	  0.486885	  0.256000	  0.018912	
  0.009133	  0.423855	  0.004803	  0.562208	
  0.069659	  0.002309	  0.000000	  0.928033	
  0.896897	  0.001618	  0.098443	  0.003042	
  0.679555	  0.002382	  0.007386	  0.310677	
  0.012079	  0.003475	  0.983299	  0.001147	
  0.000335	  0.025463	  0.000000	  0.974203	
  0.989649	  0.010045	  0.000238	  0.000068	
  0.995740	  0.003783	  0.000034	  0.000443	
  0.999761	  0.000034	  0.000205	  0.000000	
  0.000032	  0.891849	  0.000000	  0.108119	
  0.999248	  0.000274	  0.000000	  0.000479	
  0.885369	  0.022210	  0.023362	  0.069059	
  0.706166	  0.039325	  0.036889	  0.217621	
  0.176970	  0.406657	  0.265951	  0.150422	

MOTIF FOXA1_M09573_1
letter-probability matrix: alength= 4 w= 16 nsites= 20 E= 0
  0.039457	  0.528027	  0.245671	  0.186845	
  0.211562	  0.518269	  0.258554	  0.011615	
  0.006109	  0.283591	  0.003501	  0.706799	
  0.038756	  0.001723	  0.000000	  0.959520	
  0.913594	  0.001142	  0.084813	  0.000450	
  0.645796	  0.000323	  0.004308	  0.349573	
  0.002943	  0.001758	  0.994581	  0.000718	
  0.000000	  0.005978	  0.000000	  0.994022	
  0.992941	  0.006558	  0.000502	  0.000000	
  0.997235	  0.002262	  0.000503	  0.000000	
  0.999676	  0.000000	  0.000324	  0.000000	
  0.000104	  0.914580	  0.000000	  0.085315	
  0.999173	  0.000720	  0.000108	  0.000000	
  0.914314	  0.012265	  0.014098	  0.059323	
  0.760195	  0.015432	  0.017282	  0.207091	
  0.156136	  0.382115	  0.311481	  0.150268	

MOTIF KLF1_M00616_1
letter-probability matrix: alength= 4 w= 10 nsites= 20 E= 0
  0.271429	  0.178341	  0.362745	  0.187485	
  0.239158	  0.418687	  0.154026	  0.188128	
  0.199845	  0.467566	  0.128707	  0.203882	
  0.440520	  0.343077	  0.120056	  0.096347	
  0.065239	  0.843918	  0.000098	  0.090745	
  0.367441	  0.000033	  0.495994	  0.136533	
  0.038593	  0.946792	  0.000130	  0.014485	
  0.031059	  0.968649	  0.000135	  0.000157	
  0.045846	  0.702954	  0.000241	  0.250959	
  0.322624	  0.251260	  0.153929	  0.272187	

MOTIF NR2C2_M05948_1
letter-probability matrix: alength= 4 w= 14 nsites= 20 E= 0
  0.305827	  0.165272	  0.418616	  0.110285	
  0.494030	  0.018833	  0.481118	  0.006019	
  0.013939	  0.003547	  0.944325	  0.038189	
  0.013020	  0.004059	  0.806847	  0.176074	
  0.005496	  0.021404	  0.070767	  0.902333	
  0.006918	  0.788051	  0.060104	  0.144926	
  0.958498	  0.000591	  0.039925	  0.000986	
  0.775775	  0.016997	  0.118122	  0.089106	
  0.874681	  0.000364	  0.124317	  0.000638	
  0.004346	  0.000084	  0.987548	  0.008023	
  0.004009	  0.000594	  0.805628	  0.189769	
  0.001104	  0.014253	  0.081401	  0.903242	
  0.013409	  0.784237	  0.049929	  0.152425	
  0.823176	  0.012685	  0.155138	  0.009000	

MOTIF NR2F1_M05951_1
letter-probability matrix: alength= 4 w= 15 nsites= 20 E= 0
  0.337432	  0.103231	  0.481328	  0.078009	
  0.511252	  0.006084	  0.478240	  0.004425	
  0.009581	  0.009481	  0.958961	  0.021977	
  0.011698	  0.005749	  0.956750	  0.025803	
  0.006439	  0.019085	  0.029288	  0.945187	
  0.004860	  0.903453	  0.025786	  0.065901	
  0.982765	  0.004017	  0.010265	  0.002953	
  0.877275	  0.006882	  0.082306	  0.033537	
  0.932681	  0.002900	  0.063371	  0.001048	
  0.000972	  0.002325	  0.993268	  0.003435	
  0.002051	  0.002358	  0.978265	  0.017327	
  0.001018	  0.009669	  0.018151	  0.971162	
  0.001175	  0.934602	  0.015247	  0.048975	
  0.934450	  0.003787	  0.058434	  0.003330	
  0.352873	  0.253205	  0.156541	  0.237380	

MOTIF NR2F6_M05957_1
letter-probability matrix: alength= 4 w= 14 nsites= 20 E= 0
  0.347032	  0.155251	  0.372146	  0.125571	
  0.552430	  0.028133	  0.404092	  0.015345	
  0.028571	  0.020000	  0.891429	  0.060000	
  0.031609	  0.022989	  0.876437	  0.068966	
  0.013825	  0.041475	  0.057604	  0.887097	
  0.018092	  0.860197	  0.029605	  0.092105	
  0.953782	  0.012605	  0.016807	  0.016807	
  0.828460	  0.021442	  0.081871	  0.068226	
  0.924025	  0.004107	  0.071869	  0.000000	
  0.006079	  0.006079	  0.972644	  0.015198	
  0.011940	  0.002985	  0.937313	  0.047761	
  0.004484	  0.022422	  0.033632	  0.939462	
  0.001439	  0.883453	  0.030216	  0.084892	
  0.885602	  0.013807	  0.086785	  0.013807	

MOTIF SP1_M06128_1
letter-probability matrix: alength= 4 w= 11 nsites= 20 E= 0
  0.463014	  0.022363	  0.432050	  0.082572	
  0.192941	  0.707016	  0.033781	  0.066262	
  0.066297	  0.754216	  0.018711	  0.160776	
  0.470964	  0.477062	  0.049652	  0.002323	
  0.006066	  0.990294	  0.001820	  0.001820	
  0.300733	  0.008674	  0.488261	  0.202333	
  0.000000	  0.996642	  0.000305	  0.003053	
  0.001830	  0.996034	  0.000610	  0.001525	
  0.001271	  0.829733	  0.000000	  0.168996	
  0.389714	  0.475875	  0.015642	  0.118770	
  0.176778	  0.517187	  0.104546	  0.201489	

MOTIF SPI1_M06138_1
letter-probability matrix: alength= 4 w= 14 nsites= 20 E= 0
  0.644877	  0.090701	  0.186632	  0.077790	
  0.911188	  0.004761	  0.069035	  0.015016	
  0.992146	  0.000393	  0.001571	  0.005890	
  0.980751	  0.000000	  0.000000	  0.019249	
  0.899649	  0.000739	  0.002772	  0.096840	
  0.008826	  0.044308	  0.946506	  0.000360	
  0.272120	  0.617393	  0.110335	  0.000152	
  0.005439	  0.000188	  0.993998	  0.000375	
  0.000000	  0.000188	  0.999812	  0.000000	
  0.999413	  0.000392	  0.000000	  0.000196	
  0.998635	  0.000195	  0.000195	  0.000975	
  0.000000	  0.033880	  0.965936	  0.000184	
  0.004147	  0.013626	  0.002370	  0.979858	
  0.507508	  0.057658	  0.146747	  0.288088	

MOTIF STAT1_M06794_1
letter-probability matrix: alength= 4 w= 15 nsites= 20 E= 0
  0.129932	  0.407702	  0.273609	  0.188757	
  0.425006	  0.201314	  0.214102	  0.159578	
  0.175813	  0.228605	  0.106916	  0.488667	
  0.004030	  0.006040	  0.006529	  0.983401	
  0.003570	  0.008313	  0.013614	  0.974502	
  0.062411	  0.904931	  0.007441	  0.025217	
  0.014156	  0.833820	  0.006112	  0.145913	
  0.000000	  0.516133	  0.000000	  0.483867	
  0.259780	  0.039805	  0.649691	  0.050724	
  0.023856	  0.012348	  0.811914	  0.151883	
  0.908987	  0.060808	  0.013078	  0.017127	
  0.967500	  0.011267	  0.016278	  0.004955	
  0.500445	  0.120678	  0.258216	  0.120662	
  0.198777	  0.250427	  0.157029	  0.393766	
  0.148447	  0.325722	  0.371680	  0.154151	

MOTIF STAT3_M05480_1
letter-probability matrix: alength= 4 w= 15 nsites= 20 E= 0
  0.152000	  0.400000	  0.224000	  0.224000	
  0.416000	  0.224000	  0.180000	  0.180000	
  0.140000	  0.242000	  0.110000	  0.508000	
  0.002000	  0.004000	  0.012000	  0.982000	
  0.004000	  0.024000	  0.026000	  0.946000	
  0.074000	  0.894000	  0.002000	  0.030000	
  0.010000	  0.852000	  0.000000	  0.138000	
  0.156000	  0.478000	  0.002000	  0.364000	
  0.394000	  0.010000	  0.556000	  0.040000	
  0.058000	  0.022000	  0.708000	  0.212000	
  0.676000	  0.260000	  0.010000	  0.054000	
  0.858000	  0.030000	  0.054000	  0.058000	
  0.278000	  0.234000	  0.278000	  0.210000	
  0.272000	  0.200000	  0.190000	  0.338000	
  0.160000	  0.278000	  0.332000	  0.230000	

MOTIF TP53_M06704_1
letter-probability matrix: alength= 4 w= 20 nsites= 20 E= 0
  0.355376	  0.171721	  0.327322	  0.145581	
  0.343745	  0.105489	  0.402024	  0.148742	
  0.640832	  0.054976	  0.189420	  0.114773	
  0.033015	  0.830294	  0.057076	  0.079615	
  0.701425	  0.082050	  0.057554	  0.158971	
  0.142369	  0.044908	  0.056859	  0.755864	
  0.008257	  0.056990	  0.897783	  0.036970	
  0.045820	  0.550392	  0.030248	  0.373541	
  0.090784	  0.645642	  0.043517	  0.220057	
  0.100128	  0.593001	  0.139632	  0.167240	
  0.344535	  0.026509	  0.533001	  0.095954	
  0.089566	  0.040706	  0.812132	  0.057596	
  0.461037	  0.019962	  0.487710	  0.031290	
  0.000333	  0.995017	  0.001333	  0.003317	
  0.742842	  0.049225	  0.005606	  0.202327	
  0.093132	  0.029118	  0.011256	  0.866494	
  0.001000	  0.021266	  0.971983	  0.005751	
  0.010082	  0.441487	  0.014429	  0.534002	
  0.063999	  0.737975	  0.023381	  0.174645	
  0.079281	  0.572629	  0.032072	  0.316018	

MOTIF TP63_M06215_1
letter-probability matrix: alength= 4 w= 18 nsites= 20 E= 0
  0.168147	  0.054939	  0.582408	  0.194506	
  0.925400	  0.000296	  0.059799	  0.014506	
  0.000000	  1.000000	  0.000000	  0.000000	
  0.801306	  0.002271	  0.175135	  0.021289	
  0.081911	  0.000427	  0.000000	  0.917662	
  0.000000	  0.000000	  1.000000	  0.000000	
  0.019694	  0.021007	  0.000000	  0.959300	
  0.014812	  0.671919	  0.000315	  0.312953	
  0.252898	  0.505186	  0.207749	  0.034167	
  0.004050	  0.644860	  0.148910	  0.202181	
  0.630749	  0.008363	  0.329688	  0.031200	
  0.968310	  0.000000	  0.027209	  0.004481	
  0.000000	  1.000000	  0.000000	  0.000000	
  0.764457	  0.000000	  0.010721	  0.224821	
  0.001720	  0.032674	  0.000000	  0.965606	
  0.000000	  0.000000	  1.000000	  0.000000	
  0.008509	  0.074959	  0.000405	  0.916126	
  0.042217	  0.366006	  0.009545	  0.582232	

MOTIF TP63_M06417_1
letter-probability matrix: alength= 4 w= 19 nsites= 20 E= 0
  0.315068	  0.109589	  0.438356	  0.136986	
  0.287671	  0.082192	  0.493151	  0.136986	
  0.547945	  0.027397	  0.301370	  0.123288	
  0.000000	  0.958904	  0.041096	  0.000000	
  0.780822	  0.150685	  0.027397	  0.041096	
  0.369863	  0.013699	  0.082192	  0.534246	
  0.000000	  0.000000	  1.000000	  0.000000	
  0.054795	  0.589041	  0.000000	  0.356164	
  0.164384	  0.575342	  0.054795	  0.205479	
  0.027397	  0.726028	  0.219178	  0.027397	
  0.561644	  0.068493	  0.136986	  0.232877	
  0.150685	  0.054795	  0.794520	  0.000000	
  0.438356	  0.041096	  0.479452	  0.041096	
  0.000000	  1.000000	  0.000000	  0.000000	
  0.547945	  0.150685	  0.000000	  0.301370	
  0.082192	  0.123288	  0.068493	  0.726027	
  0.054795	  0.000000	  0.931506	  0.013699	
  0.123288	  0.438356	  0.054795	  0.383562	
  0.205479	  0.534247	  0.000000	  0.260274	

MOTIF ZNF496_ZNF496
letter-probability matrix: alength= 4 w= 30 nsites= 20 E= 0
  0.000000	  0.000000	  1.000000	  0.000000	
  0.000000	  0.000000	  0.000000	  1.000000	
  0.000000	  0.500000	  0.000000	  0.500000	
  0.166667	  0.000000	  0.833333	  0.000000	
  0.000000	  1.000000	  0.000000	  0.000000	
  0.166667	  0.833333	  0.000000	  0.000000	
  0.000000	  1.000000	  0.000000	  0.000000	
  1.000000	  0.000000	  0.000000	  0.000000	
  0.000000	  0.000000	  1.000000	  0.000000	
  0.000000	  0.000000	  0.833333	  0.166667	
  0.166667	  0.666666	  0.000000	  0.166667	
  0.000000	  0.000000	  0.000000	  1.000000	
  0.000000	  0.000000	  1.000000	  0.000000	
  0.000000	  0.166667	  0.833333	  0.000000	
  1.000000	  0.000000	  0.000000	  0.000000	
  0.000000	  0.000000	  1.000000	  0.000000	
  0.000000	  0.000000	  0.000000	  1.000000	
  0.000000	  0.000000	  1.000000	  0.000000	
  0.000000	  0.833333	  0.000000	  0.166667	
  1.000000	  0.000000	  0.000000	  0.000000	
  0.166667	  0.000000	  0.833333	  0.000000	
  0.000000	  0.000000	  0.000000	  1.000000	
  0.000000	  0.000000	  1.000000	  0.000000	
  0.000000	  0.000000	  1.000000	  0.000000	
  0.000000	  0.833333	  0.000000	  0.166667	
  0.333333	  0.000000	  0.666667	  0.000000	
  0.166667	  0.500000	  0.000000	  0.333333	
  0.666667	  0.000000	  0.333333	  0.000000	
  1.000000	  0.000000	  0.000000	  0.000000	
  0.000000	  0.000000	  0.000000	  1.000000	

MOTIF ZNF571_ZNF571
letter-probability matrix: alength= 4 w= 15 nsites= 20 E= 0
  0.002139	  0.762550	  0.233172	  0.002139	
  0.164147	  0.634769	  0.002139	  0.198945	
  0.095978	  0.019253	  0.882630	  0.002139	
  0.002139	  0.967912	  0.027810	  0.002139	
  0.002139	  0.882630	  0.019253	  0.095978	
  0.019253	  0.053480	  0.634484	  0.292784	
  0.002139	  0.874073	  0.104535	  0.019253	
  0.370080	  0.293069	  0.232316	  0.104535	
  0.002139	  0.070308	  0.925414	  0.002139	
  0.002139	  0.993582	  0.002139	  0.002139	
  0.010696	  0.848688	  0.138477	  0.002139	
  0.010696	  0.155876	  0.463919	  0.369509	
  0.002139	  0.788791	  0.206931	  0.002139	
  0.113092	  0.617656	  0.250000	  0.019253	
  0.036366	  0.438534	  0.471620	  0.053480	

