MEME version 4

ALPHABET= ACGT

strands: + -

Background letter frequencies
A 0.25 C 0.25 G 0.25 T 0.25

MOTIF E2F1_M05625_1
letter-probability matrix: alength= 4 w= 12 nsites= 20 E= 0
  0.172886	  0.103234	  0.058458	  0.665423	
  0.178841	  0.034005	  0.057935	  0.729219	
  0.139618	  0.011933	  0.170644	  0.677804	
  0.021563	  0.055256	  0.923181	  0.000000	
  0.000000	  0.008439	  0.991561	  0.000000	
  0.000000	  0.997546	  0.000000	  0.002454	
  0.000000	  0.000000	  1.000000	  0.000000	
  0.000000	  0.991217	  0.008783	  0.000000	
  0.002384	  0.903456	  0.067938	  0.026222	
  0.612798	  0.182213	  0.026030	  0.178959	
  0.420017	  0.137725	  0.068435	  0.373824	
  0.358818	  0.106864	  0.126846	  0.407472	

MOTIF ESR1_HUMAN.H11MO.0.A
letter-probability matrix: alength= 4 w= 15 nsites= 500
0.638	0.047999999999999994	0.26	0.05399999999999999
0.07400000000000001	0.006000000000000001	0.808	0.112
0.046	0.018000000000000002	0.908	0.028
0.09399999999999999	0.072	0.178	0.6559999999999999
0.002	0.888	0.048	0.062
0.856	0.006000000000000001	0.112	0.026000000000000002
0.10799999999999998	0.44199999999999995	0.312	0.13799999999999998
0.39599999999999996	0.604	0.0	0.0
0.182	0.37599999999999995	0.286	0.156
0.10400000000000001	0.078	0.044000000000000004	0.774
0.054	0.034	0.908	0.004
0.618	0.198	0.07	0.114
0.04	0.884	0.014	0.062
0.09000000000000001	0.8220000000000001	0.008	0.08
0.057999999999999996	0.32999999999999996	0.066	0.546
URL http://hocomoco.autosome.ru/motif/ESR1_HUMAN.H11MO.0.A

MOTIF ESR1_HUMAN.H11MO.1.A
letter-probability matrix: alength= 4 w= 10 nsites= 500
0.122	0.546	0.12	0.212
0.35000000000000003	0.326	0.11800000000000001	0.20600000000000002
0.632	0.016	0.348	0.004
0.006000000000000001	0.0	0.966	0.028
0.006000000000000001	0.0	0.992	0.002
0.038000000000000006	0.004	0.10200000000000001	0.856
0.004	0.974	0.02	0.002
0.994	0.002	0.004	0.0
0.068	0.44399999999999995	0.37	0.118
0.318	0.336	0.246	0.1
URL http://hocomoco.autosome.ru/motif/ESR1_HUMAN.H11MO.1.A

MOTIF ESR2_HUMAN.H11MO.0.A
letter-probability matrix: alength= 4 w= 15 nsites= 497
0.49496981891348085	0.096579476861167	0.36217303822937624	0.04627766599597585
0.11468812877263582	0.012072434607645876	0.7907444668008049	0.08249496981891348
0.04627766599597586	0.026156941649899398	0.8591549295774648	0.06841046277665996
0.096579476861167	0.11670020120724345	0.2293762575452716	0.5573440643863179
0.01609657947686117	0.7987927565392354	0.052313883299798795	0.13279678068410464
0.6217303822937627	0.03420523138832998	0.24748490945674045	0.09657947686116701
0.0925553319919517	0.511066398390342	0.2655935613682093	0.13078470824949698
0.0	0.6680080482897384	0.0	0.3319919517102615
0.12273641851106638	0.42253521126760557	0.2676056338028169	0.18712273641851104
0.04024144869215292	0.23943661971830985	0.030181086519114685	0.6901408450704225
0.08249496981891348	0.026156941649899398	0.8913480885311872	0.0
0.5211267605633803	0.27364185110663986	0.08651911468812877	0.1187122736418511
0.024144869215291753	0.8450704225352113	0.022132796780684107	0.10865191146881288
0.08249496981891348	0.8470824949698189	0.012072434607645876	0.05835010060362173
0.07243460764587525	0.3561368209255533	0.03621730382293763	0.5352112676056338
URL http://hocomoco.autosome.ru/motif/ESR2_HUMAN.H11MO.0.A

MOTIF ESR2_HUMAN.H11MO.1.A
letter-probability matrix: alength= 4 w= 7 nsites= 500
0.694	0.034	0.262	0.01
0.016	0.002	0.946	0.036000000000000004
0.002	0.01	0.982	0.006000000000000001
0.018000000000000002	0.016	0.10400000000000001	0.862
0.002	0.992	0.002	0.004
0.95	0.006000000000000001	0.04	0.004
0.06999999999999999	0.45999999999999996	0.39999999999999997	0.06999999999999999
URL http://hocomoco.autosome.ru/motif/ESR2_HUMAN.H11MO.1.A

MOTIF ESR1_M08629_1
letter-probability matrix: alength= 4 w= 17 nsites= 20 E= 0
  0.368625	  0.158812	  0.335055	  0.137508	
  0.767972	  0.017848	  0.213684	  0.000496	
  0.002525	  0.000000	  0.977904	  0.019571	
  0.003856	  0.000643	  0.995501	  0.000000	
  0.000000	  0.000645	  0.000645	  0.998711	
  0.000000	  0.994862	  0.003854	  0.001285	
  0.997424	  0.001288	  0.001288	  0.000000	
  0.103938	  0.641059	  0.053583	  0.201420	
  0.044574	  0.450904	  0.459302	  0.045220	
  0.209677	  0.061935	  0.621935	  0.106452	
  0.000000	  0.032903	  0.000645	  0.966452	
  0.001931	  0.000000	  0.996782	  0.001287	
  0.987883	  0.012117	  0.000000	  0.000000	
  0.001288	  0.997424	  0.000000	  0.001288	
  0.010814	  0.985369	  0.001908	  0.001908	
  0.001012	  0.189681	  0.025797	  0.783510	
  0.142119	  0.341731	  0.139535	  0.376615	

MOTIF FOXA1_M09569_1
letter-probability matrix: alength= 4 w= 16 nsites= 20 E= 0
  0.049572	  0.609579	  0.190079	  0.150770	
  0.238203	  0.486885	  0.256000	  0.018912	
  0.009133	  0.423855	  0.004803	  0.562208	
  0.069659	  0.002309	  0.000000	  0.928033	
  0.896897	  0.001618	  0.098443	  0.003042	
  0.679555	  0.002382	  0.007386	  0.310677	
  0.012079	  0.003475	  0.983299	  0.001147	
  0.000335	  0.025463	  0.000000	  0.974203	
  0.989649	  0.010045	  0.000238	  0.000068	
  0.995740	  0.003783	  0.000034	  0.000443	
  0.999761	  0.000034	  0.000205	  0.000000	
  0.000032	  0.891849	  0.000000	  0.108119	
  0.999248	  0.000274	  0.000000	  0.000479	
  0.885369	  0.022210	  0.023362	  0.069059	
  0.706166	  0.039325	  0.036889	  0.217621	
  0.176970	  0.406657	  0.265951	  0.150422	

MOTIF FOXA1_M09573_1
letter-probability matrix: alength= 4 w= 16 nsites= 20 E= 0
  0.039457	  0.528027	  0.245671	  0.186845	
  0.211562	  0.518269	  0.258554	  0.011615	
  0.006109	  0.283591	  0.003501	  0.706799	
  0.038756	  0.001723	  0.000000	  0.959520	
  0.913594	  0.001142	  0.084813	  0.000450	
  0.645796	  0.000323	  0.004308	  0.349573	
  0.002943	  0.001758	  0.994581	  0.000718	
  0.000000	  0.005978	  0.000000	  0.994022	
  0.992941	  0.006558	  0.000502	  0.000000	
  0.997235	  0.002262	  0.000503	  0.000000	
  0.999676	  0.000000	  0.000324	  0.000000	
  0.000104	  0.914580	  0.000000	  0.085315	
  0.999173	  0.000720	  0.000108	  0.000000	
  0.914314	  0.012265	  0.014098	  0.059323	
  0.760195	  0.015432	  0.017282	  0.207091	
  0.156136	  0.382115	  0.311481	  0.150268	

MOTIF FOXC1_HUMAN.H11MO.0.C
letter-probability matrix: alength= 4 w= 15 nsites= 26
0.1346153846153849	0.48076923076923056	0.17307692307692282	0.21153846153846184
0.346153846153846	0.07692307692307691	0.346153846153846	0.23076923076923103
0.26923076923076905	0.153846153846154	0.07692307692307691	0.5000000000000001
0.0	0.0	0.0	1.0
0.0	0.0	1.0	0.0
0.03846153846153852	0.0	0.0	0.9615384615384616
0.03846153846153852	0.0	0.0	0.9615384615384616
0.0	0.0	0.03846153846153852	0.9615384615384616
0.9615384615384616	0.0	0.0	0.03846153846153852
0.0	0.7307692307692311	0.0	0.26923076923076905
0.230769230769231	0.115384615384615	0.0	0.653846153846154
0.0	0.19230769230769199	0.0	0.807692307692308
0.653846153846154	0.0	0.0	0.3461538461538459
0.4615384615384615	0.1923076923076922	0.2692307692307693	0.07692307692307698
0.03846153846153852	0.26923076923076916	0.5769230769230773	0.11538461538461507
URL http://hocomoco.autosome.ru/motif/FOXC1_HUMAN.H11MO.0.C
MOTIF KLF1_M00616_1
letter-probability matrix: alength= 4 w= 10 nsites= 20 E= 0
  0.271429	  0.178341	  0.362745	  0.187485	
  0.239158	  0.418687	  0.154026	  0.188128	
  0.199845	  0.467566	  0.128707	  0.203882	
  0.440520	  0.343077	  0.120056	  0.096347	
  0.065239	  0.843918	  0.000098	  0.090745	
  0.367441	  0.000033	  0.495994	  0.136533	
  0.038593	  0.946792	  0.000130	  0.014485	
  0.031059	  0.968649	  0.000135	  0.000157	
  0.045846	  0.702954	  0.000241	  0.250959	
  0.322624	  0.251260	  0.153929	  0.272187	

MOTIF NR2C2_M05948_1
letter-probability matrix: alength= 4 w= 14 nsites= 20 E= 0
  0.305827	  0.165272	  0.418616	  0.110285	
  0.494030	  0.018833	  0.481118	  0.006019	
  0.013939	  0.003547	  0.944325	  0.038189	
  0.013020	  0.004059	  0.806847	  0.176074	
  0.005496	  0.021404	  0.070767	  0.902333	
  0.006918	  0.788051	  0.060104	  0.144926	
  0.958498	  0.000591	  0.039925	  0.000986	
  0.775775	  0.016997	  0.118122	  0.089106	
  0.874681	  0.000364	  0.124317	  0.000638	
  0.004346	  0.000084	  0.987548	  0.008023	
  0.004009	  0.000594	  0.805628	  0.189769	
  0.001104	  0.014253	  0.081401	  0.903242	
  0.013409	  0.784237	  0.049929	  0.152425	
  0.823176	  0.012685	  0.155138	  0.009000	

MOTIF NR2F1_M05951_1
letter-probability matrix: alength= 4 w= 15 nsites= 20 E= 0
  0.337432	  0.103231	  0.481328	  0.078009	
  0.511252	  0.006084	  0.478240	  0.004425	
  0.009581	  0.009481	  0.958961	  0.021977	
  0.011698	  0.005749	  0.956750	  0.025803	
  0.006439	  0.019085	  0.029288	  0.945187	
  0.004860	  0.903453	  0.025786	  0.065901	
  0.982765	  0.004017	  0.010265	  0.002953	
  0.877275	  0.006882	  0.082306	  0.033537	
  0.932681	  0.002900	  0.063371	  0.001048	
  0.000972	  0.002325	  0.993268	  0.003435	
  0.002051	  0.002358	  0.978265	  0.017327	
  0.001018	  0.009669	  0.018151	  0.971162	
  0.001175	  0.934602	  0.015247	  0.048975	
  0.934450	  0.003787	  0.058434	  0.003330	
  0.352873	  0.253205	  0.156541	  0.237380	

MOTIF NR2F6_M05957_1
letter-probability matrix: alength= 4 w= 14 nsites= 20 E= 0
  0.347032	  0.155251	  0.372146	  0.125571	
  0.552430	  0.028133	  0.404092	  0.015345	
  0.028571	  0.020000	  0.891429	  0.060000	
  0.031609	  0.022989	  0.876437	  0.068966	
  0.013825	  0.041475	  0.057604	  0.887097	
  0.018092	  0.860197	  0.029605	  0.092105	
  0.953782	  0.012605	  0.016807	  0.016807	
  0.828460	  0.021442	  0.081871	  0.068226	
  0.924025	  0.004107	  0.071869	  0.000000	
  0.006079	  0.006079	  0.972644	  0.015198	
  0.011940	  0.002985	  0.937313	  0.047761	
  0.004484	  0.022422	  0.033632	  0.939462	
  0.001439	  0.883453	  0.030216	  0.084892	
  0.885602	  0.013807	  0.086785	  0.013807	

MOTIF NRF1_HUMAN.H11MO.0.A
letter-probability matrix: alength= 4 w= 17 nsites= 500
0.108	0.558	0.14600000000000002	0.188
0.42799999999999994	0.12399999999999999	0.158	0.29
0.05399999999999999	0.514	0.34199999999999997	0.09
0.056	0.1	0.046	0.798
0.09000000000000001	0.002	0.908	0.0
0.028	0.968	0.004	0.0
0.01	0.0	0.988	0.002
0.002	0.992	0.002	0.004
0.782	0.138	0.048	0.032
0.04	0.076	0.16399999999999998	0.72
0.008	0.01	0.976	0.006000000000000001
0.014	0.914	0.002	0.07
0.0	0.042	0.866	0.092
0.008	0.8	0.014	0.17800000000000002
0.42599999999999993	0.19399999999999998	0.316	0.064
0.27999999999999997	0.13999999999999999	0.37799999999999995	0.20199999999999999
0.11399999999999999	0.296	0.522	0.068
URL http://hocomoco.autosome.ru/motif/NRF1_HUMAN.H11MO.0.A
MOTIF P53_HUMAN.H11MO.0.A
letter-probability matrix: alength= 4 w= 20 nsites= 486
0.3683127572016461	0.08436213991769548	0.3580246913580247	0.18930041152263374
0.1831275720164609	0.03909465020576132	0.6666666666666667	0.11111111111111112
0.522633744855967	0.047325102880658436	0.3786008230452675	0.05144032921810699
0.006172839506172841	0.9053497942386831	0.0205761316872428	0.06790123456790124
0.6872427983539096	0.05761316872427984	0.03292181069958848	0.22222222222222224
0.21604938271604937	0.00617283950617284	0.047325102880658436	0.7304526748971193
0.006172839506172841	0.00205761316872428	0.977366255144033	0.01440329218106996
0.04938271604938271	0.5164609053497942	0.00823045267489712	0.4259259259259259
0.10905349794238683	0.6728395061728395	0.03497942386831276	0.1831275720164609
0.02263374485596708	0.8209876543209876	0.08436213991769548	0.0720164609053498
0.7222222222222222	0.11111111111111112	0.03909465020576132	0.12757201646090535
0.16666666666666669	0.04320987654320988	0.7510288065843622	0.03909465020576132
0.6296296296296297	0.00617283950617284	0.3395061728395061	0.024691358024691357
0.0	0.9897119341563786	0.00823045267489712	0.00205761316872428
0.7921810699588477	0.04320987654320988	0.006172839506172841	0.15843621399176955
0.11934156378600823	0.051440329218107	0.0308641975308642	0.7983539094650206
0.0411522633744856	0.01851851851851852	0.9320987654320988	0.00823045267489712
0.05967078189300411	0.4691358024691358	0.030864197530864192	0.4403292181069958
0.11728395061728396	0.6255144032921811	0.03909465020576132	0.21810699588477367
0.09670781893004114	0.5308641975308642	0.06584362139917696	0.3065843621399177
URL http://hocomoco.autosome.ru/motif/P53_HUMAN.H11MO.0.A

MOTIF P53_HUMAN.H11MO.1.A
letter-probability matrix: alength= 4 w= 13 nsites= 500
0.22199999999999998	0.086	0.5599999999999999	0.132
0.22199999999999998	0.057999999999999996	0.63	0.09
0.536	0.006	0.408	0.049999999999999996
0.002	0.98	0.01	0.008
0.846	0.0	0.006000000000000001	0.14800000000000002
0.17	0.002	0.036000000000000004	0.792
0.0	0.008	0.992	0.0
0.022	0.604	0.004	0.37
0.022000000000000002	0.888	0.022000000000000002	0.068
0.10799999999999998	0.31	0.023999999999999997	0.5579999999999999
0.208	0.049999999999999996	0.6679999999999999	0.074
0.09000000000000001	0.018000000000000002	0.768	0.124
0.27999999999999997	0.02	0.6739999999999999	0.026
URL http://hocomoco.autosome.ru/motif/P53_HUMAN.H11MO.1.A
MOTIF P63_HUMAN.H11MO.0.A
letter-probability matrix: alength= 4 w= 19 nsites= 500
0.29200000000000004	0.07400000000000001	0.418	0.216
0.41000000000000003	0.016	0.484	0.09000000000000001
0.0	0.984	0.004	0.012
0.758	0.09000000000000001	0.096	0.056
0.372	0.013999999999999999	0.154	0.45999999999999996
0.002	0.002	0.994	0.002
0.08199999999999999	0.44999999999999996	0.01	0.45799999999999996
0.134	0.528	0.108	0.23
0.02	0.788	0.14200000000000002	0.05
0.558	0.184	0.038000000000000006	0.22
0.202	0.042	0.644	0.112
0.41600000000000004	0.006000000000000001	0.48	0.098
0.002	0.994	0.004	0.0
0.526	0.172	0.013999999999999999	0.288
0.092	0.09599999999999999	0.128	0.6839999999999999
0.022000000000000002	0.01	0.962	0.006000000000000001
0.05999999999999999	0.52	0.022	0.39799999999999996
0.21	0.43199999999999994	0.09	0.268
0.134	0.39999999999999997	0.19999999999999998	0.266
URL http://hocomoco.autosome.ru/motif/P63_HUMAN.H11MO.0.A

MOTIF P63_HUMAN.H11MO.1.A
letter-probability matrix: alength= 4 w= 11 nsites= 500
0.24199999999999997	0.33399999999999996	0.38399999999999995	0.04
0.42599999999999993	0.038	0.258	0.27799999999999997
0.40599999999999997	0.0	0.572	0.022
0.002	0.988	0.01	0.0
0.662	0.196	0.028	0.114
0.21799999999999997	0.013999999999999999	0.047999999999999994	0.72
0.002	0.0	0.992	0.006000000000000001
0.08	0.6900000000000001	0.0	0.23
0.06	0.912	0.002	0.026000000000000002
0.256	0.186	0.01	0.548
0.13999999999999999	0.128	0.642	0.09
URL http://hocomoco.autosome.ru/motif/P63_HUMAN.H11MO.1.A

MOTIF P73_HUMAN.H11MO.0.A
letter-probability matrix: alength= 4 w= 19 nsites= 500
0.356	0.16	0.32	0.16399999999999998
0.322	0.092	0.4	0.186
0.39	0.07600000000000001	0.38	0.154
0.034	0.874	0.04	0.052000000000000005
0.6100000000000001	0.14800000000000002	0.068	0.17400000000000002
0.312	0.011999999999999999	0.078	0.598
0.008	0.01	0.976	0.006000000000000001
0.068	0.4799999999999999	0.013999999999999999	0.43799999999999994
0.136	0.5860000000000001	0.07400000000000001	0.20400000000000001
0.122	0.74	0.084	0.054
0.618	0.212	0.01	0.16
0.284	0.086	0.514	0.11599999999999999
0.5559999999999999	0.038	0.314	0.092
0.01	0.954	0.024	0.012
0.5019999999999999	0.16	0.026	0.312
0.10999999999999999	0.09599999999999999	0.10999999999999999	0.6839999999999999
0.034	0.012	0.9400000000000001	0.014
0.088	0.49999999999999994	0.041999999999999996	0.37
0.188	0.51	0.082	0.22
URL http://hocomoco.autosome.ru/motif/P73_HUMAN.H11MO.0.A

MOTIF P73_HUMAN.H11MO.1.A
letter-probability matrix: alength= 4 w= 12 nsites= 500
0.196	0.192	0.458	0.154
0.396	0.08800000000000001	0.34	0.17600000000000002
0.5039999999999999	0.01	0.44199999999999995	0.044
0.002	0.99	0.008	0.0
0.764	0.082	0.032	0.122
0.27999999999999997	0.026	0.11199999999999999	0.582
0.004	0.006000000000000001	0.986	0.004
0.008	0.63	0.002	0.36
0.01	0.9440000000000001	0.012	0.034
0.13	0.21799999999999997	0.004	0.648
0.206	0.06199999999999999	0.624	0.10799999999999998
0.22	0.018000000000000002	0.554	0.20800000000000002
URL http://hocomoco.autosome.ru/motif/P73_HUMAN.H11MO.1.A
MOTIF PAX5_HUMAN.H11MO.0.A
letter-probability matrix: alength= 4 w= 21 nsites= 202
0.13366336633663367	0.2821782178217822	0.504950495049505	0.07920792079207921
0.12871287128712872	0.5	0.18811881188118812	0.18316831683168316
0.1485148514851485	0.4158415841584158	0.33168316831683164	0.10396039603960396
0.20297029702970296	0.054455445544554455	0.25742574257425743	0.48514851485148514
0.198019801980198	0.04455445544554455	0.7524752475247525	0.0049504950495049506
0.15841584158415842	0.13861386138613863	0.5396039603960396	0.16336633663366334
0.02475247524752475	0.1188118811881188	0.6237623762376238	0.23267326732673266
0.034653465346534656	0.8762376237623762	0.0594059405940594	0.0297029702970297
0.7821782178217821	0.034653465346534656	0.16336633663366334	0.019801980198019802
0.38613861386138615	0.11386138613861387	0.4653465346534653	0.034653465346534656
0.034653465346534656	0.7326732673267327	0.12871287128712872	0.10396039603960396
0.41089108910891087	0.26732673267326734	0.27722772277227725	0.04455445544554455
0.3118811881188119	0.019801980198019802	0.6188118811881188	0.0495049504950495
0.6831683168316831	0.039603960396039604	0.16336633663366334	0.11386138613861387
0.034653465346534656	0.16336633663366334	0.7722772277227723	0.0297029702970297
0.009900990099009901	0.7821782178217821	0.04455445544554455	0.16336633663366334
0.21782178217821782	0.034653465346534656	0.7178217821782178	0.0297029702970297
0.32178217821782173	0.0297029702970297	0.15841584158415842	0.4900990099009901
0.17326732673267325	0.0297029702970297	0.792079207920792	0.0049504950495049506
0.8118811881188118	0.034653465346534656	0.10396039603960396	0.0495049504950495
0.1188118811881188	0.8019801980198019	0.0297029702970297	0.0495049504950495
URL http://hocomoco.autosome.ru/motif/PAX5_HUMAN.H11MO.0.A
MOTIF SMAD4_HUMAN.H11MO.0.B
letter-probability matrix: alength= 4 w= 13 nsites= 497
0.2193158953722334	0.448692152917505	0.20321931589537223	0.12877263581488935
0.3078470824949698	0.10060362173038229	0.05231388329979879	0.5392354124748491
0.018108651911468814	0.01006036217303823	0.9456740442655935	0.026156941649899398
0.04627766599597585	0.04627766599597585	0.17706237424547283	0.7303822937625754
0.002012072434607646	0.9818913480885312	0.008048289738430584	0.008048289738430584
0.002012072434607646	0.006036217303822939	0.002012072434607646	0.9899396378269618
0.1448692152917505	0.21126760563380279	0.5975855130784709	0.04627766599597585
0.193158953722334	0.14688128772635814	0.3702213279678068	0.289738430583501
0.028169014084507043	0.9396378269617707	0.01609657947686117	0.01609657947686117
0.7122736418511066	0.052313883299798795	0.09255533199195172	0.14285714285714288
0.052313883299798795	0.6961770623742455	0.18913480885311873	0.06237424547283702
0.1348088531187123	0.5734406438631792	0.06438631790744467	0.22736418511066397
0.13682092555331993	0.20925553319919515	0.09456740442655935	0.5593561368209256
URL http://hocomoco.autosome.ru/motif/SMAD4_HUMAN.H11MO.0.B
MOTIF SP1_HUMAN.H11MO.0.A
letter-probability matrix: alength= 4 w= 22 nsites= 499
0.31462925851703405	0.2064128256513026	0.33266533066132264	0.1462925851703407
0.19238476953907815	0.1002004008016032	0.6693386773547094	0.038076152304609215
0.04408817635270541	0.008016032064128258	0.8096192384769539	0.13827655310621242
0.05811623246492986	0.008016032064128258	0.9338677354709419	0.0
0.0	0.008016032064128258	0.9919839679358717	0.0
0.004008016032064129	0.0	0.9959919839679359	0.0
0.03206412825651303	0.9539078156312625	0.004008016032064129	0.010020040080160322
0.010020040080160322	0.0	0.9879759519038076	0.0020040080160320644
0.0020040080160320644	0.008016032064128258	0.9258517034068137	0.06412825651302606
0.06613226452905813	0.0020040080160320644	0.9158316633266533	0.016032064128256515
0.018036072144288578	0.03006012024048096	0.9118236472945892	0.04008016032064129
0.06012024048096192	0.8677354709418837	0.014028056112224449	0.05811623246492986
0.05811623246492986	0.5951903807615231	0.1903807615230461	0.15631262525050102
0.14428857715430862	0.11222444889779558	0.4629258517034068	0.280561122244489
0.08216432865731463	0.17635270541082163	0.7054108216432865	0.036072144288577156
0.11422845691382764	0.16633266533066132	0.6813627254509017	0.038076152304609215
0.16032064128256512	0.19639278557114226	0.5751503006012024	0.06813627254509018
0.08817635270541081	0.2665330661322645	0.5871743486973948	0.058116232464929855
0.12024048096192383	0.23246492985971942	0.5811623246492986	0.06613226452905811
0.11823647294589178	0.14428857715430862	0.6292585170340681	0.10821643286573145
0.12024048096192384	0.12024048096192384	0.7054108216432866	0.05410821643286573
0.1683366733466934	0.18637274549098196	0.6092184368737474	0.036072144288577156
URL http://hocomoco.autosome.ru/motif/SP1_HUMAN.H11MO.0.A

MOTIF SP1_HUMAN.H11MO.1.A
letter-probability matrix: alength= 4 w= 14 nsites= 432
0.2685185185185185	0.2777777777777778	0.34722222222222227	0.10648148148148148
0.2337962962962963	0.16666666666666669	0.5393518518518519	0.06018518518518519
0.09953703703703703	0.032407407407407406	0.7453703703703703	0.12268518518518519
0.07175925925925926	0.01851851851851852	0.8981481481481481	0.011574074074074075
0.00925925925925926	0.020833333333333336	0.9606481481481481	0.00925925925925926
0.00462962962962963	0.020833333333333336	0.9675925925925926	0.006944444444444446
0.034722222222222224	0.9375	0.0	0.02777777777777778
0.025462962962962965	0.006944444444444446	0.9490740740740741	0.01851851851851852
0.00462962962962963	0.01851851851851852	0.8958333333333334	0.08101851851851852
0.07407407407407408	0.01388888888888889	0.8796296296296297	0.032407407407407406
0.0787037037037037	0.08101851851851852	0.8171296296296297	0.02314814814814815
0.05787037037037037	0.775462962962963	0.1087962962962963	0.05787037037037037
0.0625	0.5532407407407407	0.2175925925925926	0.16666666666666669
0.16435185185185186	0.14814814814814817	0.4375	0.25
URL http://hocomoco.autosome.ru/motif/SP1_HUMAN.H11MO.1.A

MOTIF SP1_M06128_1
letter-probability matrix: alength= 4 w= 11 nsites= 20 E= 0
  0.463014	  0.022363	  0.432050	  0.082572	
  0.192941	  0.707016	  0.033781	  0.066262	
  0.066297	  0.754216	  0.018711	  0.160776	
  0.470964	  0.477062	  0.049652	  0.002323	
  0.006066	  0.990294	  0.001820	  0.001820	
  0.300733	  0.008674	  0.488261	  0.202333	
  0.000000	  0.996642	  0.000305	  0.003053	
  0.001830	  0.996034	  0.000610	  0.001525	
  0.001271	  0.829733	  0.000000	  0.168996	
  0.389714	  0.475875	  0.015642	  0.118770	
  0.176778	  0.517187	  0.104546	  0.201489	

MOTIF SP2_HUMAN.H11MO.0.A
letter-probability matrix: alength= 4 w= 22 nsites= 499
0.12850588059245352	0.25015029457553595	0.5690939979198342	0.05224982691217633
0.17999022234430595	0.24612060866769855	0.5229442283272565	0.05094494066073891
0.15074517441925353	0.2821794191260609	0.5046522849158382	0.06242312153884723
0.15450310547642504	0.31868701645237474	0.4205729255949124	0.10623695247628798
0.28797204288172223	0.22209926484208978	0.3843527922773133	0.10557589999887478
0.1752027391221793	0.10010126807264426	0.656844526710935	0.06785146609424153
0.1400033721675601	0.05574753552081231	0.7061149638342766	0.09813412847735097
0.2960251647942237	0.05487170214997731	0.6304862014164271	0.01861693163937189
0.03779318845021634	0.004240646377046666	0.9186047726013877	0.039361392571349185
0.012170633649962969	0.020841011763959694	0.9569269007147718	0.010061453871305578
0.04342091742093774	0.889741378386412	0.012803094511888876	0.05403460968076136
0.03235766055049165	0.016372088686466342	0.9002992406974525	0.050971010065589475
0.012548627887005026	0.020129569446336697	0.9345899059214294	0.03273189674522897
0.09931117872514299	0.08688573244679006	0.7860491421832311	0.02775394664483586
0.22078744289126234	0.17757480152431854	0.5817056973970618	0.019932058187357323
0.10382476207728787	0.6046961227124041	0.21864986876868006	0.07282924644162805
0.05005710321142414	0.5081242109242036	0.2334379956987655	0.20838069016560687
0.20130835791339308	0.19019212425471008	0.39259289090570604	0.21590662692619086
0.1296617744841141	0.23697730394862823	0.5265312939029232	0.10682962766433443
0.18201679494513984	0.2579400175792233	0.46603868830269696	0.09400449917293989
0.15051174831274583	0.1854908539201739	0.58930542431156	0.0746919734555203
0.12272277746926633	0.3263662305381627	0.4949198255404623	0.05599116645210859
URL http://hocomoco.autosome.ru/motif/SP2_HUMAN.H11MO.0.A
MOTIF SP3_HUMAN.H11MO.0.B
letter-probability matrix: alength= 4 w= 20 nsites= 415
0.20760542168674703	0.226430722891566	0.418599397590362	0.147364457831325
0.175602409638554	0.21837349397590297	0.47484939759036204	0.131174698795181
0.22801204819277074	0.22003012048192774	0.43900602409638556	0.11295180722891587
0.27620481927710805	0.21927710843373502	0.38930722891566305	0.11521084337349403
0.17183734939758974	0.1996987951807227	0.5546686746987962	0.07379518072289139
0.1207831325301199	0.07499999999999993	0.6382530120481933	0.16596385542168687
0.13855421686747021	0.0024096385542168738	0.8548192771084334	0.004216867469879527
0.0024096385542168794	0.010240963855421741	0.9774096385542169	0.00993975903614461
0.009638554216867507	0.019578313253012077	0.9662650602409638	0.004518072289156638
0.2344879518072286	0.627560240963856	0.050602409638554106	0.08734939759036124
0.04442771084337359	0.034337349397590464	0.8902108433734937	0.03102409638554226
0.007228915662650615	0.014759036144578332	0.8716867469879519	0.10632530120481923
0.18945783132530103	0.03493975903614461	0.7192771084337352	0.056325301204819204
0.09518072289156625	0.13313253012048207	0.7346385542168673	0.03704819277108432
0.11415662650602384	0.5539156626506032	0.23915662650602368	0.09277108433734926
0.11204819277108409	0.3671686746987953	0.3155120481927713	0.20527108433734922
0.257530120481927	0.132981927710843	0.449849397590362	0.15963855421686798
0.20060240963855402	0.16746987951807202	0.515813253012049	0.11611445783132501
0.163855421686747	0.265060240963855	0.455572289156627	0.115512048192771
0.18207831325301202	0.24186746987951802	0.4498493975903621	0.12620481927710803
URL http://hocomoco.autosome.ru/motif/SP3_HUMAN.H11MO.0.B
MOTIF SPI1_HUMAN.H11MO.0.A
letter-probability matrix: alength= 4 w= 17 nsites= 500
0.424	0.20400000000000001	0.254	0.11800000000000001
0.49199999999999994	0.09999999999999999	0.32999999999999996	0.078
0.686	0.044000000000000004	0.168	0.10200000000000001
0.772	0.028	0.126	0.07400000000000001
0.652	0.014	0.11800000000000001	0.216
0.148	0.068	0.7539999999999999	0.029999999999999995
0.7220000000000001	0.048	0.224	0.006000000000000001
0.058	0.0	0.9420000000000001	0.0
0.002	0.0	0.998	0.0
1.0	0.0	0.0	0.0
0.998	0.0	0.0	0.002
0.036000000000000004	0.17	0.794	0.0
0.068	0.052000000000000005	0.04	0.84
0.042	0.122	0.8160000000000001	0.02
0.45399999999999996	0.12199999999999998	0.33199999999999996	0.092
0.36	0.182	0.318	0.13999999999999999
0.39799999999999996	0.13	0.258	0.21399999999999997
URL http://hocomoco.autosome.ru/motif/SPI1_HUMAN.H11MO.0.A
MOTIF SPI1_M06138_1
letter-probability matrix: alength= 4 w= 14 nsites= 20 E= 0
  0.644877	  0.090701	  0.186632	  0.077790	
  0.911188	  0.004761	  0.069035	  0.015016	
  0.992146	  0.000393	  0.001571	  0.005890	
  0.980751	  0.000000	  0.000000	  0.019249	
  0.899649	  0.000739	  0.002772	  0.096840	
  0.008826	  0.044308	  0.946506	  0.000360	
  0.272120	  0.617393	  0.110335	  0.000152	
  0.005439	  0.000188	  0.993998	  0.000375	
  0.000000	  0.000188	  0.999812	  0.000000	
  0.999413	  0.000392	  0.000000	  0.000196	
  0.998635	  0.000195	  0.000195	  0.000975	
  0.000000	  0.033880	  0.965936	  0.000184	
  0.004147	  0.013626	  0.002370	  0.979858	
  0.507508	  0.057658	  0.146747	  0.288088	

MOTIF STAT1_HUMAN.H11MO.0.A
letter-probability matrix: alength= 4 w= 19 nsites= 500
0.202	0.428	0.12	0.25
0.094	0.5680000000000001	0.17	0.168
0.132	0.556	0.11	0.202
0.29400000000000004	0.35600000000000004	0.20400000000000001	0.14600000000000002
0.086	0.206	0.09999999999999999	0.608
0.002	0.016	0.004	0.978
0.008	0.006000000000000001	0.012	0.974
0.03	0.964	0.002	0.004
0.038000000000000006	0.8220000000000001	0.002	0.138
0.23399999999999999	0.304	0.142	0.32
0.268	0.026	0.6819999999999999	0.023999999999999997
0.032	0.014	0.804	0.15000000000000002
0.9440000000000001	0.038000000000000006	0.01	0.008
0.988	0.002	0.004	0.006000000000000001
0.5800000000000001	0.106	0.232	0.082
0.274	0.19599999999999998	0.10999999999999999	0.42
0.058	0.5880000000000001	0.248	0.106
0.34199999999999997	0.262	0.068	0.32799999999999996
0.134	0.534	0.138	0.194
URL http://hocomoco.autosome.ru/motif/STAT1_HUMAN.H11MO.0.A
MOTIF STAT1_M06794_1
letter-probability matrix: alength= 4 w= 15 nsites= 20 E= 0
  0.129932	  0.407702	  0.273609	  0.188757	
  0.425006	  0.201314	  0.214102	  0.159578	
  0.175813	  0.228605	  0.106916	  0.488667	
  0.004030	  0.006040	  0.006529	  0.983401	
  0.003570	  0.008313	  0.013614	  0.974502	
  0.062411	  0.904931	  0.007441	  0.025217	
  0.014156	  0.833820	  0.006112	  0.145913	
  0.000000	  0.516133	  0.000000	  0.483867	
  0.259780	  0.039805	  0.649691	  0.050724	
  0.023856	  0.012348	  0.811914	  0.151883	
  0.908987	  0.060808	  0.013078	  0.017127	
  0.967500	  0.011267	  0.016278	  0.004955	
  0.500445	  0.120678	  0.258216	  0.120662	
  0.198777	  0.250427	  0.157029	  0.393766	
  0.148447	  0.325722	  0.371680	  0.154151	

MOTIF STAT3_M05480_1
letter-probability matrix: alength= 4 w= 15 nsites= 20 E= 0
  0.152000	  0.400000	  0.224000	  0.224000	
  0.416000	  0.224000	  0.180000	  0.180000	
  0.140000	  0.242000	  0.110000	  0.508000	
  0.002000	  0.004000	  0.012000	  0.982000	
  0.004000	  0.024000	  0.026000	  0.946000	
  0.074000	  0.894000	  0.002000	  0.030000	
  0.010000	  0.852000	  0.000000	  0.138000	
  0.156000	  0.478000	  0.002000	  0.364000	
  0.394000	  0.010000	  0.556000	  0.040000	
  0.058000	  0.022000	  0.708000	  0.212000	
  0.676000	  0.260000	  0.010000	  0.054000	
  0.858000	  0.030000	  0.054000	  0.058000	
  0.278000	  0.234000	  0.278000	  0.210000	
  0.272000	  0.200000	  0.190000	  0.338000	
  0.160000	  0.278000	  0.332000	  0.230000	

MOTIF STAT4_HUMAN.H11MO.0.A
letter-probability matrix: alength= 4 w= 11 nsites= 500
0.052	0.352	0.038	0.5579999999999999
0.0	0.012	0.002	0.986
0.002	0.01	0.01	0.978
0.02	0.9420000000000001	0.004	0.034
0.008	0.5519999999999999	0.011999999999999999	0.42799999999999994
0.011999999999999999	0.358	0.178	0.45199999999999996
0.28400000000000003	0.108	0.45	0.158
0.066	0.106	0.5800000000000001	0.248
0.642	0.32999999999999996	0.006	0.022
0.956	0.006000000000000001	0.016	0.022000000000000002
0.322	0.18799999999999997	0.356	0.134
URL http://hocomoco.autosome.ru/motif/STAT4_HUMAN.H11MO.0.A
MOTIF TP53_M06704_1
letter-probability matrix: alength= 4 w= 20 nsites= 20 E= 0
  0.355376	  0.171721	  0.327322	  0.145581	
  0.343745	  0.105489	  0.402024	  0.148742	
  0.640832	  0.054976	  0.189420	  0.114773	
  0.033015	  0.830294	  0.057076	  0.079615	
  0.701425	  0.082050	  0.057554	  0.158971	
  0.142369	  0.044908	  0.056859	  0.755864	
  0.008257	  0.056990	  0.897783	  0.036970	
  0.045820	  0.550392	  0.030248	  0.373541	
  0.090784	  0.645642	  0.043517	  0.220057	
  0.100128	  0.593001	  0.139632	  0.167240	
  0.344535	  0.026509	  0.533001	  0.095954	
  0.089566	  0.040706	  0.812132	  0.057596	
  0.461037	  0.019962	  0.487710	  0.031290	
  0.000333	  0.995017	  0.001333	  0.003317	
  0.742842	  0.049225	  0.005606	  0.202327	
  0.093132	  0.029118	  0.011256	  0.866494	
  0.001000	  0.021266	  0.971983	  0.005751	
  0.010082	  0.441487	  0.014429	  0.534002	
  0.063999	  0.737975	  0.023381	  0.174645	
  0.079281	  0.572629	  0.032072	  0.316018	

MOTIF TP63_M06215_1
letter-probability matrix: alength= 4 w= 18 nsites= 20 E= 0
  0.168147	  0.054939	  0.582408	  0.194506	
  0.925400	  0.000296	  0.059799	  0.014506	
  0.000000	  1.000000	  0.000000	  0.000000	
  0.801306	  0.002271	  0.175135	  0.021289	
  0.081911	  0.000427	  0.000000	  0.917662	
  0.000000	  0.000000	  1.000000	  0.000000	
  0.019694	  0.021007	  0.000000	  0.959300	
  0.014812	  0.671919	  0.000315	  0.312953	
  0.252898	  0.505186	  0.207749	  0.034167	
  0.004050	  0.644860	  0.148910	  0.202181	
  0.630749	  0.008363	  0.329688	  0.031200	
  0.968310	  0.000000	  0.027209	  0.004481	
  0.000000	  1.000000	  0.000000	  0.000000	
  0.764457	  0.000000	  0.010721	  0.224821	
  0.001720	  0.032674	  0.000000	  0.965606	
  0.000000	  0.000000	  1.000000	  0.000000	
  0.008509	  0.074959	  0.000405	  0.916126	
  0.042217	  0.366006	  0.009545	  0.582232	

MOTIF TP63_M06417_1
letter-probability matrix: alength= 4 w= 19 nsites= 20 E= 0
  0.315068	  0.109589	  0.438356	  0.136986	
  0.287671	  0.082192	  0.493151	  0.136986	
  0.547945	  0.027397	  0.301370	  0.123288	
  0.000000	  0.958904	  0.041096	  0.000000	
  0.780822	  0.150685	  0.027397	  0.041096	
  0.369863	  0.013699	  0.082192	  0.534246	
  0.000000	  0.000000	  1.000000	  0.000000	
  0.054795	  0.589041	  0.000000	  0.356164	
  0.164384	  0.575342	  0.054795	  0.205479	
  0.027397	  0.726028	  0.219178	  0.027397	
  0.561644	  0.068493	  0.136986	  0.232877	
  0.150685	  0.054795	  0.794520	  0.000000	
  0.438356	  0.041096	  0.479452	  0.041096	
  0.000000	  1.000000	  0.000000	  0.000000	
  0.547945	  0.150685	  0.000000	  0.301370	
  0.082192	  0.123288	  0.068493	  0.726027	
  0.054795	  0.000000	  0.931506	  0.013699	
  0.123288	  0.438356	  0.054795	  0.383562	
  0.205479	  0.534247	  0.000000	  0.260274	

MOTIF ZNF496_ZNF496
letter-probability matrix: alength= 4 w= 30 nsites= 20 E= 0
  0.000000	  0.000000	  1.000000	  0.000000	
  0.000000	  0.000000	  0.000000	  1.000000	
  0.000000	  0.500000	  0.000000	  0.500000	
  0.166667	  0.000000	  0.833333	  0.000000	
  0.000000	  1.000000	  0.000000	  0.000000	
  0.166667	  0.833333	  0.000000	  0.000000	
  0.000000	  1.000000	  0.000000	  0.000000	
  1.000000	  0.000000	  0.000000	  0.000000	
  0.000000	  0.000000	  1.000000	  0.000000	
  0.000000	  0.000000	  0.833333	  0.166667	
  0.166667	  0.666666	  0.000000	  0.166667	
  0.000000	  0.000000	  0.000000	  1.000000	
  0.000000	  0.000000	  1.000000	  0.000000	
  0.000000	  0.166667	  0.833333	  0.000000	
  1.000000	  0.000000	  0.000000	  0.000000	
  0.000000	  0.000000	  1.000000	  0.000000	
  0.000000	  0.000000	  0.000000	  1.000000	
  0.000000	  0.000000	  1.000000	  0.000000	
  0.000000	  0.833333	  0.000000	  0.166667	
  1.000000	  0.000000	  0.000000	  0.000000	
  0.166667	  0.000000	  0.833333	  0.000000	
  0.000000	  0.000000	  0.000000	  1.000000	
  0.000000	  0.000000	  1.000000	  0.000000	
  0.000000	  0.000000	  1.000000	  0.000000	
  0.000000	  0.833333	  0.000000	  0.166667	
  0.333333	  0.000000	  0.666667	  0.000000	
  0.166667	  0.500000	  0.000000	  0.333333	
  0.666667	  0.000000	  0.333333	  0.000000	
  1.000000	  0.000000	  0.000000	  0.000000	
  0.000000	  0.000000	  0.000000	  1.000000	

MOTIF ZNF571_ZNF571
letter-probability matrix: alength= 4 w= 15 nsites= 20 E= 0
  0.002139	  0.762550	  0.233172	  0.002139	
  0.164147	  0.634769	  0.002139	  0.198945	
  0.095978	  0.019253	  0.882630	  0.002139	
  0.002139	  0.967912	  0.027810	  0.002139	
  0.002139	  0.882630	  0.019253	  0.095978	
  0.019253	  0.053480	  0.634484	  0.292784	
  0.002139	  0.874073	  0.104535	  0.019253	
  0.370080	  0.293069	  0.232316	  0.104535	
  0.002139	  0.070308	  0.925414	  0.002139	
  0.002139	  0.993582	  0.002139	  0.002139	
  0.010696	  0.848688	  0.138477	  0.002139	
  0.010696	  0.155876	  0.463919	  0.369509	
  0.002139	  0.788791	  0.206931	  0.002139	
  0.113092	  0.617656	  0.250000	  0.019253	
  0.036366	  0.438534	  0.471620	  0.053480	

