MEME version 4

ALPHABET= ACGT

strands: + -

Background letter frequencies
A 0.25 C 0.25 G 0.25 T 0.25

  0.996073	  0.001309	  0.001309	  0.001309	

MOTIF TP53_M06704_1
letter-probability matrix: alength= 4 w= 20 nsites= 20 E= 0
  0.355376	  0.171721	  0.327322	  0.145581	
  0.343745	  0.105489	  0.402024	  0.148742	
  0.640832	  0.054976	  0.189420	  0.114773	
  0.033015	  0.830294	  0.057076	  0.079615	
  0.701425	  0.082050	  0.057554	  0.158971	
  0.142369	  0.044908	  0.056859	  0.755864	
  0.008257	  0.056990	  0.897783	  0.036970	
  0.045820	  0.550392	  0.030248	  0.373541	
  0.090784	  0.645642	  0.043517	  0.220057	
  0.100128	  0.593001	  0.139632	  0.167240	
  0.344535	  0.026509	  0.533001	  0.095954	
  0.089566	  0.040706	  0.812132	  0.057596	
  0.461037	  0.019962	  0.487710	  0.031290	
  0.000333	  0.995017	  0.001333	  0.003317	
  0.742842	  0.049225	  0.005606	  0.202327	
  0.093132	  0.029118	  0.011256	  0.866494	
  0.001000	  0.021266	  0.971983	  0.005751	
  0.010082	  0.441487	  0.014429	  0.534002	
  0.063999	  0.737975	  0.023381	  0.174645	
  0.079281	  0.572629	  0.032072	  0.316018	

